0.000000000000000000e+00 0.000000000000000000e+00
1.000000000000000021e-03 6.702259171974387546e-04
2.000000000000000042e-03 1.412056820952097827e-03
3.000000000000000062e-03 2.198753421262708216e-03
4.000000000000000083e-03 3.018378971247803483e-03
5.000000000000000104e-03 3.868397069685526428e-03
6.000000000000000125e-03 4.742170692928482367e-03
7.000000000000000146e-03 5.641176774440339464e-03
8.000000000000000167e-03 6.559418053199841253e-03
8.999999999999999320e-03 7.500377977825129806e-03
1.000000000000000021e-02 8.457748873545077595e-03
1.099999999999999936e-02 9.436410345678918760e-03
1.200000000000000025e-02 1.042946014751297210e-02
1.299999999999999940e-02 1.144291749894664478e-02
1.400000000000000029e-02 1.246920196327827232e-02
1.499999999999999944e-02 1.351534974906006166e-02
1.600000000000000033e-02 1.457304511755087677e-02
1.700000000000000122e-02 1.565026509861153214e-02
1.799999999999999864e-02 1.673792696029457322e-02
1.899999999999999953e-02 1.784488688313317847e-02
2.000000000000000042e-02 1.896130710364284794e-02
2.100000000000000130e-02 2.009690221829130499e-02
2.199999999999999872e-02 2.124107940194374863e-02
2.299999999999999961e-02 2.240436448600726174e-02
2.400000000000000050e-02 2.357540677450811056e-02
2.500000000000000139e-02 2.476554663192969200e-02
2.599999999999999881e-02 2.596266651390447336e-02
2.699999999999999969e-02 2.717890019292569515e-02
2.800000000000000058e-02 2.840138660406486132e-02
2.900000000000000147e-02 2.964302110301226395e-02
2.999999999999999889e-02 3.089020127598196205e-02
3.099999999999999978e-02 3.215659794304565056e-02
3.200000000000000067e-02 3.342784796509231521e-02
3.300000000000000155e-02 3.471840343013117558e-02
3.400000000000000244e-02 3.601314475401304338e-02
3.500000000000000333e-02 3.732725688475441866e-02
3.599999999999999728e-02 3.864492909247949082e-02
3.699999999999999817e-02 3.998208353284331967e-02
3.799999999999999906e-02 4.132212925840541423e-02
3.899999999999999994e-02 4.268177430256515220e-02
4.000000000000000083e-02 4.404367534615904328e-02
4.100000000000000172e-02 4.542528624470185822e-02
4.200000000000000261e-02 4.680851957940859037e-02
4.299999999999999656e-02 4.821158814540551368e-02
4.399999999999999745e-02 4.961565818347265372e-02
4.499999999999999833e-02 5.103969380671459499e-02
4.599999999999999922e-02 5.246411436617688662e-02
4.700000000000000011e-02 5.390862084649506586e-02
4.800000000000000100e-02 5.535289374757576542e-02
4.900000000000000189e-02 5.681738577971914145e-02
5.000000000000000278e-02 5.828104392014567953e-02
5.099999999999999672e-02 5.976501406913229536e-02
5.199999999999999761e-02 6.124757211978822113e-02
5.299999999999999850e-02 6.275056205212900529e-02
5.399999999999999939e-02 6.425154728892762401e-02
5.500000000000000028e-02 6.577310503803544817e-02
5.600000000000000117e-02 6.729202355529675939e-02
5.700000000000000205e-02 6.883165762328009862e-02
5.800000000000000294e-02 7.036804767206628064e-02
5.899999999999999689e-02 7.192530529391145955e-02
5.999999999999999778e-02 7.347867003715628786e-02
6.099999999999999867e-02 7.505306715577315935e-02
6.199999999999999956e-02 7.662297653149538479e-02
6.300000000000000044e-02 7.821404038697805927e-02
6.400000000000000133e-02 7.980001411660152255e-02
6.500000000000000222e-02 8.140725355013765652e-02
6.600000000000000311e-02 8.300882039770456078e-02
6.700000000000000400e-02 8.463179461064233855e-02
6.800000000000000488e-02 8.624848225818529390e-02
6.900000000000000577e-02 8.788670856044476787e-02
7.000000000000000666e-02 8.951804623282481888e-02
7.099999999999999367e-02 9.117105742870416918e-02
7.199999999999999456e-02 9.281658061373103397e-02
7.299999999999999545e-02 9.448392945144350186e-02
7.399999999999999634e-02 9.614314865720904879e-02
7.499999999999999722e-02 9.782432535950730257e-02
7.599999999999999811e-02 9.949679830160697291e-02
7.699999999999999900e-02 1.011913741998437949e-01
7.799999999999999989e-02 1.028765814547897284e-01
7.900000000000000078e-02 1.045840759964803968e-01
8.000000000000000167e-02 1.062815691997084921e-01
8.100000000000000255e-02 1.080015062388957198e-01
8.200000000000000344e-02 1.097108326899237096e-01
8.300000000000000433e-02 1.114427041711998079e-01
8.400000000000000522e-02 1.131634096901064507e-01
8.500000000000000611e-02 1.149067630179036736e-01
8.599999999999999312e-02 1.166383253301348510e-01
8.699999999999999400e-02 1.183927146910872252e-01
8.799999999999999489e-02 1.201346732446477023e-01
8.899999999999999578e-02 1.218995871161206168e-01
8.999999999999999667e-02 1.236514848757068602e-01
9.099999999999999756e-02 1.254264467858546006e-01
9.199999999999999845e-02 1.271878104953149680e-01
9.299999999999999933e-02 1.289723578278330895e-01
9.400000000000000022e-02 1.307427042385571614e-01
9.500000000000000111e-02 1.325363791903406141e-01
9.600000000000000200e-02 1.343152228133846493e-01
9.700000000000000289e-02 1.361175466751617658e-01
9.800000000000000377e-02 1.379044078332768430e-01
9.900000000000000466e-02 1.397148784123715681e-01
1.000000000000000056e-01 1.415093120262844728e-01
1.010000000000000064e-01 1.433275049884571717e-01
1.019999999999999934e-01 1.451289420873379810e-01
1.029999999999999943e-01 1.469543750017550943e-01
1.039999999999999952e-01 1.487624208452145158e-01
1.049999999999999961e-01 1.505946059021514016e-01
1.059999999999999970e-01 1.524087307147359849e-01
1.069999999999999979e-01 1.542472030727815580e-01
1.079999999999999988e-01 1.560670147604505398e-01
1.089999999999999997e-01 1.579112358596880261e-01
1.100000000000000006e-01 1.597361963012378372e-01
1.110000000000000014e-01 1.615857813918240848e-01
1.120000000000000023e-01 1.634154187127346558e-01
1.130000000000000032e-01 1.652698802534692257e-01
1.140000000000000041e-01 1.671036966893791331e-01
1.150000000000000050e-01 1.689625340650657837e-01
1.160000000000000059e-01 1.708000863048433904e-01
1.170000000000000068e-01 1.726628503666118031e-01
1.179999999999999938e-01 1.745037152984524609e-01
1.189999999999999947e-01 1.763698997413954417e-01
1.199999999999999956e-01 1.782135692187890030e-01
1.209999999999999964e-01 1.800826752541633824e-01
1.219999999999999973e-01 1.819286727195858766e-01
1.229999999999999982e-01 1.838002822641674749e-01
1.239999999999999991e-01 1.856481817748823482e-01
1.250000000000000000e-01 1.875218190140395536e-01
1.260000000000000009e-01 1.893711149873086863e-01
1.270000000000000018e-01 1.912463121456983162e-01
1.280000000000000027e-01 1.930965096250877866e-01
1.290000000000000036e-01 1.949728013465544807e-01
1.300000000000000044e-01 1.968234510570804618e-01
1.310000000000000053e-01 1.987003709232845750e-01
1.320000000000000062e-01 2.005510475284241201e-01
1.330000000000000071e-01 2.024281432528169944e-01
1.340000000000000080e-01 2.042783874153047685e-01
1.350000000000000089e-01 2.061552096986747074e-01
1.360000000000000098e-01 2.080045300443549017e-01
1.370000000000000107e-01 2.098806044164091278e-01
1.380000000000000115e-01 2.117285303940568963e-01
1.390000000000000124e-01 2.136033990531600035e-01
1.400000000000000133e-01 2.154494867838757377e-01
1.409999999999999865e-01 2.173227003592828332e-01
1.419999999999999873e-01 2.191664962472065492e-01
1.429999999999999882e-01 2.210376133961174383e-01
1.439999999999999891e-01 2.228786513283701476e-01
1.449999999999999900e-01 2.247471819885300814e-01
1.459999999999999909e-01 2.265850425638017973e-01
1.469999999999999918e-01 2.284505488283025132e-01
1.479999999999999927e-01 2.302847996202512237e-01
1.489999999999999936e-01 2.321468528299301393e-01
1.499999999999999944e-01 2.339770185297705141e-01
1.509999999999999953e-01 2.358351473528522146e-01
1.519999999999999962e-01 2.376607796930023941e-01
1.529999999999999971e-01 2.395146466802542673e-01
1.539999999999999980e-01 2.413353060874239564e-01
1.549999999999999989e-01 2.431843880461143359e-01
1.559999999999999998e-01 2.449996182708077674e-01
1.570000000000000007e-01 2.468435478332884070e-01
1.580000000000000016e-01 2.486529662825242293e-01
1.590000000000000024e-01 2.504912405863522484e-01
1.600000000000000033e-01 2.522943809728151465e-01
1.610000000000000042e-01 2.541265983005990270e-01
1.620000000000000051e-01 2.559231110381181562e-01
1.630000000000000060e-01 2.577488288670132799e-01
1.640000000000000069e-01 2.595381567970235781e-01
1.650000000000000078e-01 2.613570670899502679e-01
1.660000000000000087e-01 2.631388289441386474e-01
1.670000000000000095e-01 2.649503835812507258e-01
1.680000000000000104e-01 2.667242575308381713e-01
1.690000000000000113e-01 2.685280690917581925e-01
1.700000000000000122e-01 2.702935486838470847e-01
1.710000000000000131e-01 2.720892423941275173e-01
1.719999999999999862e-01 2.738459607499209025e-01
1.729999999999999871e-01 2.756330923300897573e-01
1.739999999999999880e-01 2.773806592580397301e-01
1.749999999999999889e-01 2.791588247122447353e-01
1.759999999999999898e-01 2.808968028559828412e-01
1.769999999999999907e-01 2.826656323202596521e-01
1.779999999999999916e-01 2.843935976090020135e-01
1.789999999999999925e-01 2.861527232399233567e-01
1.799999999999999933e-01 2.878703267211867312e-01
1.809999999999999942e-01 2.896192749335729233e-01
1.819999999999999951e-01 2.913261856938309524e-01
1.829999999999999960e-01 2.930645550868324900e-01
1.839999999999999969e-01 2.947603614199679756e-01
1.849999999999999978e-01 2.964878296701356497e-01
1.859999999999999987e-01 2.981720342297530246e-01
1.869999999999999996e-01 2.998883346702612696e-01
1.880000000000000004e-01 3.015605014280446916e-01
1.890000000000000013e-01 3.032652382398798308e-01
1.900000000000000022e-01 3.049251066166585589e-01
1.910000000000000031e-01 3.066178349727326502e-01
1.920000000000000040e-01 3.082650316199740947e-01
1.930000000000000049e-01 3.099454211168847784e-01
1.940000000000000058e-01 3.115795679246350369e-01
1.950000000000000067e-01 3.132472319060582433e-01
1.960000000000000075e-01 3.148680392339377465e-01
1.970000000000000084e-01 3.165225344851367306e-01
1.980000000000000093e-01 3.181296840646745117e-01
1.990000000000000102e-01 3.197707089488728838e-01
2.000000000000000111e-01 3.213638117760033719e-01
2.010000000000000120e-01 3.229909775844378439e-01
2.020000000000000129e-01 3.245697583095106253e-01
2.030000000000000138e-01 3.261827370330769305e-01
2.039999999999999869e-01 3.277467662404387472e-01
2.049999999999999878e-01 3.293452520913714432e-01
2.059999999999999887e-01 3.308942313924372880e-01
2.069999999999999896e-01 3.324778725582319683e-01
2.079999999999999905e-01 3.340115107820121332e-01
2.089999999999999913e-01 3.355799834449686436e-01
2.099999999999999922e-01 3.370978866904671967e-01
2.109999999999999931e-01 3.386509523499152685e-01
2.119999999999999940e-01 3.401527967969750765e-01
2.129999999999999949e-01 3.416900241847550812e-01
2.139999999999999958e-01 3.431755998578028266e-01
2.149999999999999967e-01 3.446967212481329979e-01
2.159999999999999976e-01 3.461655966300073994e-01
2.169999999999999984e-01 3.476703413633324136e-01
2.179999999999999993e-01 3.491222864180675844e-01
2.190000000000000002e-01 3.506103225611865160e-01
2.200000000000000011e-01 3.520450193243253034e-01
2.210000000000000020e-01 3.535160757065307635e-01
2.220000000000000029e-01 3.549332515518011100e-01
2.230000000000000038e-01 3.563869793685142673e-01
2.240000000000000047e-01 3.577863520843033718e-01
2.250000000000000056e-01 3.592226023784184652e-01
2.260000000000000064e-01 3.606037854215293770e-01
2.270000000000000073e-01 3.620222078204737848e-01
2.280000000000000082e-01 3.633850151087966718e-01
2.290000000000000091e-01 3.647853880037846830e-01
2.300000000000000100e-01 3.661294746062972449e-01
2.310000000000000109e-01 3.675115075505652751e-01
2.320000000000000118e-01 3.688367485015301428e-01
2.330000000000000127e-01 3.702001119584447109e-01
2.340000000000000135e-01 3.715062138203459874e-01
2.349999999999999867e-01 3.728507304178509951e-01
2.359999999999999876e-01 3.741374576970838417e-01
2.369999999999999885e-01 3.754627679516224781e-01
2.379999999999999893e-01 3.767298609363208262e-01
2.389999999999999902e-01 3.780358143087663159e-01
2.399999999999999911e-01 3.792829903288399973e-01
2.409999999999999920e-01 3.805693328193472391e-01
2.419999999999999929e-01 3.817964150380460109e-01
2.429999999999999938e-01 3.830630157967371829e-01
2.439999999999999947e-01 3.842697095288359899e-01
2.449999999999999956e-01 3.855162410575664333e-01
2.459999999999999964e-01 3.867023875663697652e-01
2.469999999999999973e-01 3.879286293783501538e-01
2.479999999999999982e-01 3.890939884698654816e-01
2.489999999999999991e-01 3.902997083301413261e-01
2.500000000000000000e-01 3.914441747697350871e-01
2.510000000000000009e-01 3.926292563847866846e-01
2.520000000000000018e-01 3.937525080975102232e-01
2.530000000000000027e-01 3.949166664031611984e-01
2.540000000000000036e-01 3.960185912748214743e-01
2.550000000000000044e-01 3.971616690416875928e-01
2.560000000000000053e-01 3.982420077112885926e-01
2.570000000000000062e-01 3.993638354643742061e-01
2.580000000000000071e-01 4.004224904111244321e-01
2.590000000000000080e-01 4.015228839513395043e-01
2.600000000000000089e-01 4.025595222098056758e-01
2.610000000000000098e-01 4.036383319901020172e-01
2.620000000000000107e-01 4.046529347705370983e-01
2.630000000000000115e-01 4.057100345672908781e-01
2.640000000000000124e-01 4.067023529531652026e-01
2.650000000000000133e-01 4.077374855493203776e-01
2.660000000000000142e-01 4.087074074428234116e-01
2.670000000000000151e-01 4.097204877451722238e-01
2.680000000000000160e-01 4.106678321402479348e-01
2.690000000000000169e-01 4.116587200636587784e-01
2.700000000000000178e-01 4.125834171724995780e-01
2.710000000000000187e-01 4.135519141406242549e-01
2.720000000000000195e-01 4.144537117976699325e-01
2.730000000000000204e-01 4.153996965631345795e-01
2.740000000000000213e-01 4.162786112718538933e-01
2.750000000000000222e-01 4.172019829533348267e-01
2.760000000000000231e-01 4.180577750371300416e-01
2.770000000000000240e-01 4.189583202803340845e-01
2.780000000000000249e-01 4.197909652261115898e-01
2.790000000000000258e-01 4.206687138513164892e-01
2.800000000000000266e-01 4.214780338845148244e-01
2.810000000000000275e-01 4.223326842561636596e-01
2.819999999999999729e-01 4.231186292089944567e-01
2.829999999999999738e-01 4.239502768156513945e-01
2.839999999999999747e-01 4.247127529309758787e-01
2.849999999999999756e-01 4.255211026112611372e-01
2.859999999999999765e-01 4.262599545755952346e-01
2.869999999999999774e-01 4.270451162079957341e-01
2.879999999999999782e-01 4.277603906447852156e-01
2.889999999999999791e-01 4.285221391608098340e-01
2.899999999999999800e-01 4.292135504992120043e-01
2.909999999999999809e-01 4.299519018786652214e-01
2.919999999999999818e-01 4.306196336865272256e-01
2.929999999999999827e-01 4.313344734778872813e-01
2.939999999999999836e-01 4.319781917077358813e-01
2.949999999999999845e-01 4.326694640313796802e-01
2.959999999999999853e-01 4.332893597636086058e-01
2.969999999999999862e-01 4.339570317672032940e-01
2.979999999999999871e-01 4.345528502951551686e-01
2.989999999999999880e-01 4.351968335207652694e-01
2.999999999999999889e-01 4.357686686843536550e-01
3.009999999999999898e-01 4.363889307667166984e-01
3.019999999999999907e-01 4.369366681751152282e-01
3.029999999999999916e-01 4.375332329185669944e-01
3.039999999999999925e-01 4.380568436234009710e-01
3.049999999999999933e-01 4.386295476088065137e-01
3.059999999999999942e-01 4.391290905788676757e-01
3.069999999999999951e-01 4.396780323582654693e-01
3.079999999999999960e-01 4.401533908723730959e-01
3.089999999999999969e-01 4.406784663607363761e-01
3.099999999999999978e-01 4.411296157939298412e-01
3.109999999999999987e-01 4.416309711151334971e-01
3.119999999999999996e-01 4.420579617730880373e-01
3.130000000000000004e-01 4.425353147270976728e-01
3.140000000000000013e-01 4.429381762514932874e-01
3.150000000000000022e-01 4.433917704922821224e-01
3.160000000000000031e-01 4.437704371597041009e-01
3.170000000000000040e-01 4.442001468474708337e-01
3.180000000000000049e-01 4.445547340011093973e-01
3.190000000000000058e-01 4.449605222470499055e-01
3.200000000000000067e-01 4.452908733807596775e-01
3.210000000000000075e-01 4.456730593145989405e-01
3.220000000000000084e-01 4.459792760655957866e-01
3.230000000000000093e-01 4.463375598805907063e-01
3.240000000000000102e-01 4.466196893179026906e-01
3.250000000000000111e-01 4.469542403407111841e-01
3.260000000000000120e-01 4.472123505844787794e-01
3.270000000000000129e-01 4.475231737108124608e-01
3.280000000000000138e-01 4.477573606868476830e-01
3.290000000000000147e-01 4.480443988632439867e-01
3.300000000000000155e-01 4.482545192694537550e-01
3.310000000000000164e-01 4.485181023929466493e-01
3.320000000000000173e-01 4.487042946015392109e-01
3.330000000000000182e-01 4.489441963588554074e-01
3.340000000000000191e-01 4.491066649010552747e-01
3.350000000000000200e-01 4.493229125505112109e-01
3.360000000000000209e-01 4.494615927833311986e-01
3.370000000000000218e-01 4.496544748067512476e-01
3.380000000000000226e-01 4.497694515310352026e-01
3.390000000000000235e-01 4.499388016986849981e-01
3.400000000000000244e-01 4.500302129302043985e-01
3.410000000000000253e-01 4.501762925011901229e-01
3.420000000000000262e-01 4.502440512547854490e-01
3.430000000000000271e-01 4.503671069794026316e-01
3.439999999999999725e-01 4.504113002801922172e-01
3.449999999999999734e-01 4.505110955549483931e-01
3.459999999999999742e-01 4.505319752333624139e-01
3.469999999999999751e-01 4.506087238173479559e-01
3.479999999999999760e-01 4.506062662210363889e-01
3.489999999999999769e-01 4.506602235259491440e-01
3.499999999999999778e-01 4.506344844410427042e-01
3.509999999999999787e-01 4.506654991669788446e-01
3.519999999999999796e-01 4.506168266307792880e-01
3.529999999999999805e-01 4.506250225155445377e-01
3.539999999999999813e-01 4.505534720837692242e-01
3.549999999999999822e-01 4.505390928443525622e-01
3.559999999999999831e-01 4.504445738671747357e-01
3.569999999999999840e-01 4.504076567050353530e-01
3.579999999999999849e-01 4.502905044718997218e-01
3.589999999999999858e-01 4.502310605686143941e-01
3.599999999999999867e-01 4.500915149995249331e-01
3.609999999999999876e-01 4.500097275123705054e-01
3.619999999999999885e-01 4.498476485332116304e-01
3.629999999999999893e-01 4.497438185199648109e-01
3.639999999999999902e-01 4.495593833004020712e-01
3.649999999999999911e-01 4.494335744143719835e-01
3.659999999999999920e-01 4.492271208365374857e-01
3.669999999999999929e-01 4.490793165722963276e-01
3.679999999999999938e-01 4.488509258824217030e-01
3.689999999999999947e-01 4.486813255708487214e-01
3.699999999999999956e-01 4.484310307958384589e-01
3.709999999999999964e-01 4.482400378773853111e-01
3.719999999999999973e-01 4.479679501389006724e-01
3.729999999999999982e-01 4.477555729521794925e-01
3.739999999999999991e-01 4.474620006886053658e-01
3.750000000000000000e-01 4.472281504969546906e-01
3.760000000000000009e-01 4.469133775654871576e-01
3.770000000000000018e-01 4.466583889706384203e-01
3.780000000000000027e-01 4.463224278681678370e-01
3.790000000000000036e-01 4.460466162058154826e-01
3.800000000000000044e-01 4.456894905572909571e-01
3.810000000000000053e-01 4.453929827089084803e-01
3.820000000000000062e-01 4.450149387464386597e-01
3.830000000000000071e-01 4.446978427636816833e-01
3.840000000000000080e-01 4.442993198227319085e-01
3.850000000000000089e-01 4.439616688997135019e-01
3.860000000000000098e-01 4.435427999997420545e-01
3.870000000000000107e-01 4.431848064956076527e-01
3.880000000000000115e-01 4.427456076852834266e-01
3.890000000000000124e-01 4.423677263584666064e-01
3.900000000000000133e-01 4.419083144133788554e-01
3.910000000000000142e-01 4.415107839239909571e-01
3.920000000000000151e-01 4.410313660204001063e-01
3.930000000000000160e-01 4.406142017768391317e-01
3.940000000000000169e-01 4.401151178830245980e-01
3.950000000000000178e-01 4.396783625381659455e-01
3.960000000000000187e-01 4.391599967207698851e-01
3.970000000000000195e-01 4.387039332694182558e-01
3.980000000000000204e-01 4.381663890825417407e-01
3.990000000000000213e-01 4.376912435660545997e-01
4.000000000000000222e-01 4.371345179409630299e-01
4.010000000000000231e-01 4.366406730090806598e-01
4.020000000000000240e-01 4.360649348735555764e-01
4.030000000000000249e-01 4.355526510349662095e-01
4.040000000000000258e-01 4.349582136260675136e-01
4.050000000000000266e-01 4.344276184839729882e-01
4.060000000000000275e-01 4.338147542215617936e-01
4.069999999999999729e-01 4.332658396150631530e-01
4.079999999999999738e-01 4.326349374428913874e-01
4.089999999999999747e-01 4.320678719379604238e-01
4.099999999999999756e-01 4.314192147140610833e-01
4.109999999999999765e-01 4.308342902060794399e-01
4.119999999999999774e-01 4.301680343208475477e-01
4.129999999999999782e-01 4.295655253295476150e-01
4.139999999999999791e-01 4.288817062106872746e-01
4.149999999999999800e-01 4.282620259630086634e-01
4.159999999999999809e-01 4.275607650756022005e-01
4.169999999999999818e-01 4.269242634219424515e-01
4.179999999999999827e-01 4.262058131694871355e-01
4.189999999999999836e-01 4.255526534592486976e-01
4.199999999999999845e-01 4.248172817537970158e-01
4.209999999999999853e-01 4.241476007346608457e-01
4.219999999999999862e-01 4.233956253485585131e-01
4.229999999999999871e-01 4.227095720606262041e-01
4.239999999999999880e-01 4.219414092103556668e-01
4.249999999999999889e-01 4.212390847422806117e-01
4.259999999999999898e-01 4.204550905694806051e-01
4.269999999999999907e-01 4.197367063406905463e-01
4.279999999999999916e-01 4.189370695512330545e-01
4.289999999999999925e-01 4.182028783749666689e-01
4.299999999999999933e-01 4.173877984088220638e-01
4.309999999999999942e-01 4.166381287119807486e-01
4.319999999999999951e-01 4.158078481137572058e-01
4.329999999999999960e-01 4.150430385419749957e-01
4.339999999999999969e-01 4.141977367605464422e-01
4.349999999999999978e-01 4.134180599783592314e-01
4.359999999999999987e-01 4.125578238132363018e-01
4.369999999999999996e-01 4.117636588214408366e-01
4.380000000000000004e-01 4.108886307962156814e-01
4.390000000000000013e-01 4.100803533197126538e-01
4.400000000000000022e-01 4.091908587273930809e-01
4.410000000000000031e-01 4.083687128762708007e-01
4.420000000000000040e-01 4.074649696127103926e-01
4.430000000000000049e-01 4.066291100036292239e-01
4.440000000000000058e-01 4.057113921335750439e-01
4.450000000000000067e-01 4.048620930361802039e-01
4.460000000000000075e-01 4.039307193786332295e-01
4.470000000000000084e-01 4.030682058065548912e-01
4.480000000000000093e-01 4.021234767056303672e-01
4.490000000000000102e-01 4.012480074688318799e-01
4.500000000000000111e-01 4.002901960626036870e-01
4.510000000000000120e-01 3.994019608516664044e-01
4.520000000000000129e-01 3.984313157797549909e-01
4.530000000000000138e-01 3.975305214751443939e-01
4.540000000000000147e-01 3.965473811273245719e-01
4.550000000000000155e-01 3.956343317417226890e-01
4.560000000000000164e-01 3.946390126960173661e-01
4.570000000000000173e-01 3.937139138056054977e-01
4.580000000000000182e-01 3.927066821272210406e-01
4.590000000000000191e-01 3.917697482965726841e-01
4.600000000000000200e-01 3.907508738679045246e-01
4.610000000000000209e-01 3.898022883526582327e-01
4.620000000000000218e-01 3.887720827232533649e-01
4.630000000000000226e-01 3.878121686608652641e-01
4.640000000000000235e-01 3.867709842778400686e-01
4.650000000000000244e-01 3.857999527787854266e-01
4.660000000000000253e-01 3.847480441625218406e-01
4.670000000000000262e-01 3.837660924645378557e-01
4.680000000000000271e-01 3.827037381337549116e-01
4.689999999999999725e-01 3.817111027288960234e-01
4.699999999999999734e-01 3.806385320724902099e-01
4.709999999999999742e-01 3.796355557723943286e-01
4.719999999999999751e-01 3.785531050106811235e-01
4.729999999999999760e-01 3.775400642297219722e-01
4.739999999999999769e-01 3.764479412814146220e-01
4.749999999999999778e-01 3.754250656324369384e-01
4.759999999999999787e-01 3.743235329007401080e-01
4.769999999999999796e-01 3.732910606681244525e-01
4.779999999999999805e-01 3.721803320037738727e-01
4.789999999999999813e-01 3.711385853280852465e-01
4.799999999999999822e-01 3.700190023663084693e-01
4.809999999999999831e-01 3.689682378778184058e-01
4.819999999999999840e-01 3.678400420612599198e-01
4.829999999999999849e-01 3.667805477982847284e-01
4.839999999999999858e-01 3.656439846333801591e-01
4.849999999999999867e-01 3.645759570899438917e-01
4.859999999999999876e-01 3.634312413192467561e-01
4.869999999999999885e-01 3.623549724790237070e-01
4.879999999999999893e-01 3.612024037522180708e-01
4.889999999999999902e-01 3.601181781357045142e-01
4.899999999999999911e-01 3.589580288202111613e-01
4.909999999999999920e-01 3.578661274222055266e-01
4.919999999999999929e-01 3.566986851455989926e-01
4.929999999999999938e-01 3.555993003443064238e-01
4.939999999999999947e-01 3.544247522604540013e-01
4.949999999999999956e-01 3.533182087788306891e-01
4.959999999999999964e-01 3.521367710632434256e-01
4.969999999999999973e-01 3.510232605546089735e-01
4.979999999999999982e-01 3.498353070785393815e-01
4.989999999999999991e-01 3.487151031996892914e-01
5.000000000000000000e-01 3.475208433407548925e-01
5.010000000000000009e-01 3.463942785973126437e-01
5.020000000000000018e-01 3.451939841410539000e-01
5.030000000000000027e-01 3.440611927537891024e-01
5.040000000000000036e-01 3.428551073451388542e-01
5.050000000000000044e-01 3.417163955823853128e-01
5.060000000000000053e-01 3.405046983540164773e-01
5.070000000000000062e-01 3.393603350200549151e-01
5.080000000000000071e-01 3.381433628525983837e-01
5.090000000000000080e-01 3.369935852428643797e-01
5.100000000000000089e-01 3.357715607768619881e-01
5.110000000000000098e-01 3.346166677513615073e-01
5.120000000000000107e-01 3.333898471268261221e-01
5.130000000000000115e-01 3.322299363660983218e-01
5.140000000000000124e-01 3.309985928927364762e-01
5.150000000000000133e-01 3.298339856494953426e-01
5.160000000000000142e-01 3.285982466630051890e-01
5.170000000000000151e-01 3.274292264509278128e-01
5.180000000000000160e-01 3.261894376167071563e-01
5.190000000000000169e-01 3.250162031243310490e-01
5.200000000000000178e-01 3.237726146727549770e-01
5.210000000000000187e-01 3.225954341829164185e-01
5.220000000000000195e-01 3.213482731054730368e-01
5.230000000000000204e-01 3.201673091598168930e-01
5.240000000000000213e-01 3.189168139607257979e-01
5.250000000000000222e-01 3.177322815915675780e-01
5.260000000000000231e-01 3.164786768084921764e-01
5.270000000000000240e-01 3.152909030909513133e-01
5.280000000000000249e-01 3.140343707894948655e-01
5.290000000000000258e-01 3.128436054073470141e-01
5.300000000000000266e-01 3.115844258543091772e-01
5.310000000000000275e-01 3.103908760273547673e-01
5.320000000000000284e-01 3.091292927748506281e-01
5.330000000000000293e-01 3.079331652455986612e-01
5.340000000000000302e-01 3.066693269183399240e-01
5.350000000000000311e-01 3.054708682165994116e-01
5.360000000000000320e-01 3.042050242519784842e-01
5.370000000000000329e-01 3.030043805013942215e-01
5.380000000000000338e-01 3.017368275230153940e-01
5.390000000000000346e-01 3.005342690716315546e-01
5.400000000000000355e-01 2.992651878017107414e-01
5.410000000000000364e-01 2.980609682966095519e-01
5.420000000000000373e-01 2.967905987863123651e-01
5.430000000000000382e-01 2.955848851381177589e-01
5.440000000000000391e-01 2.943134548567014064e-01
5.450000000000000400e-01 2.931063907140595282e-01
5.460000000000000409e-01 2.918340999312507011e-01
5.470000000000000417e-01 2.906259591240274442e-01
5.480000000000000426e-01 2.893529435853722798e-01
5.490000000000000435e-01 2.881439870381098944e-01
5.500000000000000444e-01 2.868705043642990615e-01
5.510000000000000453e-01 2.856608772272533625e-01
5.520000000000000462e-01 2.843872177445080363e-01
5.530000000000000471e-01 2.831771074355188822e-01
5.540000000000000480e-01 2.819034396772862605e-01
5.550000000000000488e-01 2.806930977646316383e-01
5.560000000000000497e-01 2.794195364443399776e-01
5.570000000000000506e-01 2.782091402741719843e-01
5.580000000000000515e-01 2.769359046829296123e-01
5.590000000000000524e-01 2.757256212352661717e-01
5.600000000000000533e-01 2.744529585629161827e-01
5.610000000000000542e-01 2.732429791615947345e-01
5.620000000000000551e-01 2.719711105045729549e-01
5.629999999999999449e-01 2.707616144108350165e-01
5.639999999999999458e-01 2.694907011065262314e-01
5.649999999999999467e-01 2.682819874783712866e-01
5.659999999999999476e-01 2.670121551024648987e-01
5.669999999999999485e-01 2.658043475279789347e-01
5.679999999999999494e-01 2.645358060470829886e-01
5.689999999999999503e-01 2.633290230015068456e-01
5.699999999999999512e-01 2.620620314390656458e-01
5.709999999999999520e-01 2.608564417257676071e-01
5.719999999999999529e-01 2.595911347711636341e-01
5.729999999999999538e-01 2.583869452742890149e-01
5.739999999999999547e-01 2.571235008733910865e-01
5.749999999999999556e-01 2.559209630175776073e-01
5.759999999999999565e-01 2.546594975868091693e-01
5.769999999999999574e-01 2.534587986967777873e-01
5.779999999999999583e-01 2.521995255696169447e-01
5.789999999999999591e-01 2.510007766231838744e-01
5.799999999999999600e-01 2.497438822818551507e-01
5.809999999999999609e-01 2.485471714748373473e-01
5.819999999999999618e-01 2.472928479684280700e-01
5.829999999999999627e-01 2.460983640243100679e-01
5.839999999999999636e-01 2.448467293767939978e-01
5.849999999999999645e-01 2.436546703999854235e-01
5.859999999999999654e-01 2.424058639272540505e-01
5.869999999999999662e-01 2.412164612979489364e-01
5.879999999999999671e-01 2.399706089949810162e-01
5.889999999999999680e-01 2.387840057627657608e-01
5.899999999999999689e-01 2.375413162639672671e-01
5.909999999999999698e-01 2.363576442227852681e-01
5.919999999999999707e-01 2.351182626612770554e-01
5.929999999999999716e-01 2.339375807370779603e-01
5.939999999999999725e-01 2.327017143446811487e-01
5.949999999999999734e-01 2.315241767594920230e-01
5.959999999999999742e-01 2.302919325218885371e-01
5.969999999999999751e-01 2.291176938980486466e-01
5.979999999999999760e-01 2.278892302329398600e-01
5.989999999999999769e-01 2.267184506038417702e-01
5.999999999999999778e-01 2.254938601689512878e-01
6.009999999999999787e-01 2.243267624487332024e-01
6.019999999999999796e-01 2.231061650591716627e-01
6.029999999999999805e-01 2.219428607439596912e-01
6.039999999999999813e-01 2.207264238567760717e-01
6.049999999999999822e-01 2.195670420953469981e-01
6.059999999999999831e-01 2.183548658176530100e-01
6.069999999999999840e-01 2.171994754439076358e-01
6.079999999999999849e-01 2.159917443691788952e-01
6.089999999999999858e-01 2.148404366696662071e-01
6.099999999999999867e-01 2.136373021061286626e-01
6.109999999999999876e-01 2.124901847116027198e-01
6.119999999999999885e-01 2.112917815348081263e-01
6.129999999999999893e-01 2.101489937302212507e-01
6.139999999999999902e-01 2.089554338499617914e-01
6.149999999999999911e-01 2.078171276719555371e-01
6.159999999999999920e-01 2.066285102909720950e-01
6.169999999999999929e-01 2.054948209807159476e-01
6.179999999999999938e-01 2.043112896361843345e-01
6.189999999999999947e-01 2.031823149253057237e-01
6.199999999999999956e-01 2.020039033993386302e-01
6.209999999999999964e-01 2.008798028708235206e-01
6.219999999999999973e-01 1.997065834390439609e-01
6.229999999999999982e-01 1.985874679945676402e-01
6.239999999999999991e-01 1.974195528040317837e-01
6.250000000000000000e-01 1.963055220945735813e-01
6.260000000000000009e-01 1.951430088849268607e-01
6.270000000000000018e-01 1.940341894706534009e-01
6.280000000000000027e-01 1.928771991542641284e-01
6.290000000000000036e-01 1.917736651468918696e-01
6.300000000000000044e-01 1.906223263701926074e-01
6.310000000000000053e-01 1.895241744646804505e-01
6.320000000000000062e-01 1.883785798055801763e-01
6.330000000000000071e-01 1.872859366817434534e-01
6.340000000000000080e-01 1.861461748689880180e-01
6.350000000000000089e-01 1.850590652319841767e-01
6.360000000000000098e-01 1.839252410792683590e-01
6.370000000000000107e-01 1.828437403801527195e-01
6.380000000000000115e-01 1.817159299729171340e-01
6.390000000000000124e-01 1.806401533123660752e-01
6.400000000000000133e-01 1.795184360259229062e-01
6.410000000000000142e-01 1.784484364352333374e-01
6.420000000000000151e-01 1.773329508563607215e-01
6.430000000000000160e-01 1.762687959903585788e-01
6.440000000000000169e-01 1.751596104783545715e-01
6.450000000000000178e-01 1.741014076424826917e-01
6.460000000000000187e-01 1.729986008465143055e-01
6.470000000000000195e-01 1.719464258579621041e-01
6.480000000000000204e-01 1.708500974997675392e-01
6.490000000000000213e-01 1.698039866367524187e-01
6.500000000000000222e-01 1.687142318383512418e-01
6.510000000000000231e-01 1.676742498235662682e-01
6.520000000000000240e-01 1.665910836766985037e-01
6.530000000000000249e-01 1.655573234584309938e-01
6.540000000000000258e-01 1.644808211179190904e-01
6.550000000000000266e-01 1.634533366715124614e-01
6.560000000000000275e-01 1.623835658261004455e-01
6.570000000000000284e-01 1.613623953172370618e-01
6.580000000000000293e-01 1.602994489687340207e-01
6.590000000000000302e-01 1.592846840348717818e-01
6.600000000000000311e-01 1.582285842322162517e-01
6.610000000000000320e-01 1.572203152519840164e-01
6.620000000000000329e-01 1.561711232893272516e-01
6.630000000000000338e-01 1.551694043758083674e-01
6.640000000000000346e-01 1.541271778354742772e-01
6.650000000000000355e-01 1.531320523102571995e-01
6.660000000000000364e-01 1.520968907574863083e-01
6.670000000000000373e-01 1.511083870492012371e-01
6.680000000000000382e-01 1.500803063302579565e-01
6.690000000000000391e-01 1.490984870392461359e-01
6.700000000000000400e-01 1.480775082832425649e-01
6.710000000000000409e-01 1.471024382170304512e-01
6.720000000000000417e-01 1.460885978302705612e-01
6.730000000000000426e-01 1.451203361994426178e-01
6.740000000000000435e-01 1.441136794349023864e-01
6.750000000000000444e-01 1.431522384383171198e-01
6.760000000000000453e-01 1.421528495412608672e-01
6.770000000000000462e-01 1.411982662478304396e-01
6.780000000000000471e-01 1.402061816899913549e-01
6.790000000000000480e-01 1.392585131354916739e-01
6.800000000000000488e-01 1.382737711616874032e-01
6.810000000000000497e-01 1.373330716097329873e-01
6.820000000000000506e-01 1.363556734803322290e-01
6.830000000000000515e-01 1.354220011124108447e-01
6.840000000000000524e-01 1.344520004552649528e-01
6.850000000000000533e-01 1.335253668940818983e-01
6.860000000000000542e-01 1.325628043424276759e-01
6.870000000000000551e-01 1.316432050976944212e-01
6.879999999999999449e-01 1.306881135236493408e-01
6.889999999999999458e-01 1.297755841977736579e-01
6.899999999999999467e-01 1.288279845479443075e-01
6.909999999999999476e-01 1.279225490072218308e-01
6.919999999999999485e-01 1.269824606959205349e-01
6.929999999999999494e-01 1.260841655253365501e-01
6.939999999999999503e-01 1.251516006117822932e-01
6.949999999999999512e-01 1.242604800522601888e-01
6.959999999999999520e-01 1.233354637578923108e-01
6.969999999999999529e-01 1.224515366866816279e-01
6.979999999999999538e-01 1.215341028495071918e-01
6.989999999999999547e-01 1.206574106345210812e-01
6.999999999999999556e-01 1.197475515677673269e-01
7.009999999999999565e-01 1.188781158114055325e-01
7.019999999999999574e-01 1.179758828943710813e-01
7.029999999999999583e-01 1.171136892413412733e-01
7.039999999999999591e-01 1.162191144813838201e-01
7.049999999999999600e-01 1.153641793140577215e-01
7.059999999999999609e-01 1.144772545914288786e-01
7.069999999999999618e-01 1.136295874517480042e-01
7.079999999999999627e-01 1.127503133258719870e-01
7.089999999999999636e-01 1.119099189479196843e-01
7.099999999999999645e-01 1.110383192146178755e-01
7.109999999999999654e-01 1.102052083554874162e-01
7.119999999999999662e-01 1.093412701379451318e-01
7.129999999999999671e-01 1.085154811470855907e-01
7.139999999999999680e-01 1.076592004242370032e-01
7.149999999999999689e-01 1.068407486781052934e-01
7.159999999999999698e-01 1.059921256133461442e-01
7.169999999999999707e-01 1.051810139923933241e-01
7.179999999999999716e-01 1.043400709870181270e-01
7.189999999999999725e-01 1.035363068119061480e-01
7.199999999999999734e-01 1.027030360846654111e-01
7.209999999999999742e-01 1.019066335343973145e-01
7.219999999999999751e-01 1.010810345968193857e-01
7.229999999999999760e-01 1.002919877354427058e-01
7.239999999999999769e-01 9.947408377180169681e-02
7.249999999999999778e-01 9.869238598977340959e-02
7.259999999999999787e-01 9.788218173764115515e-02
7.269999999999999796e-01 9.710782607932325061e-02
7.279999999999999805e-01 9.630530166734421749e-02
7.289999999999999813e-01 9.553828312985962468e-02
7.299999999999999822e-01 9.474341649663267639e-02
7.309999999999999831e-01 9.398372940618639204e-02
7.319999999999999840e-01 9.319653120288350079e-02
7.329999999999999849e-01 9.244415560135620102e-02
7.339999999999999858e-01 9.166463929330835592e-02
7.349999999999999867e-01 9.091957115250348664e-02
7.359999999999999876e-01 9.014771359638439063e-02
7.369999999999999885e-01 8.940994112256557547e-02
7.379999999999999893e-01 8.864574444957257215e-02
7.389999999999999902e-01 8.791526421638218292e-02
7.399999999999999911e-01 8.715870621874095836e-02
7.409999999999999920e-01 8.643552295072730318e-02
7.419999999999999929e-01 8.568659643770064338e-02
7.429999999999999938e-01 8.497069081369189314e-02
7.439999999999999947e-01 8.422939608548919710e-02
7.449999999999999956e-01 8.352074202837067585e-02
7.459999999999999964e-01 8.278706974728600176e-02
7.469999999999999973e-01 8.208567144116946102e-02
7.479999999999999982e-01 8.135959160839056903e-02
7.489999999999999991e-01 8.066543621246033413e-02
7.500000000000000000e-01 7.994694970373704412e-02
7.510000000000000009e-01 7.926002724937029897e-02
7.520000000000000018e-01 7.854908876533436834e-02
7.530000000000000027e-01 7.786938037513260746e-02
7.540000000000000036e-01 7.716596027103395095e-02
7.550000000000000044e-01 7.649344785738174113e-02
7.560000000000000053e-01 7.579753509926633048e-02
7.570000000000000062e-01 7.513219520727980327e-02
7.580000000000000071e-01 7.444378056919170872e-02
7.590000000000000080e-01 7.378557977055712203e-02
7.600000000000000089e-01 7.310464927424581427e-02
7.610000000000000098e-01 7.245357599673227234e-02
7.620000000000000107e-01 7.178009939092058755e-02
7.630000000000000115e-01 7.113612980533957908e-02
7.640000000000000124e-01 7.047009384912771013e-02
7.650000000000000133e-01 6.983321156776388372e-02
7.660000000000000142e-01 6.917458516996388695e-02
7.670000000000000151e-01 6.854478174141216684e-02
7.680000000000000160e-01 6.789353178365305219e-02
7.690000000000000169e-01 6.727078764445763859e-02
7.700000000000000178e-01 6.662688427884710940e-02
7.710000000000000187e-01 6.601118864015505239e-02
7.720000000000000195e-01 6.537460264929503828e-02
7.730000000000000204e-01 6.476591952625625204e-02
7.740000000000000213e-01 6.413664017790143834e-02
7.750000000000000222e-01 6.353494014466808115e-02
7.760000000000000231e-01 6.291293814988233035e-02
7.770000000000000240e-01 6.231820957233695502e-02
7.780000000000000249e-01 6.170345442342726333e-02
7.790000000000000258e-01 6.111566751293246585e-02
7.800000000000000266e-01 6.050811988151844761e-02
7.810000000000000275e-01 5.992723159478465650e-02
7.820000000000000284e-01 5.932686659079677849e-02
7.830000000000000293e-01 5.875284784293501039e-02
7.840000000000000302e-01 5.815963727544529172e-02
7.850000000000000311e-01 5.759245901626425940e-02
7.860000000000000320e-01 5.700637702925126504e-02
7.870000000000000329e-01 5.644600352343480398e-02
7.880000000000000338e-01 5.586702488431474073e-02
7.890000000000000346e-01 5.531343202556528865e-02
7.900000000000000355e-01 5.474151324807502439e-02
7.910000000000000364e-01 5.419467828938671905e-02
7.920000000000000373e-01 5.362978901466736170e-02
7.930000000000000382e-01 5.308967527112101736e-02
7.940000000000000391e-01 5.253178852913920754e-02
7.950000000000000400e-01 5.199836547817579535e-02
7.960000000000000409e-01 5.144744842566413567e-02
7.970000000000000417e-01 5.092068357434898634e-02
7.980000000000000426e-01 5.037670855414527749e-02
7.990000000000000435e-01 4.985657292295020415e-02
8.000000000000000444e-01 4.931950148421410801e-02
8.010000000000000453e-01 4.880596161744528427e-02
8.020000000000000462e-01 4.827576741843947472e-02
8.030000000000000471e-01 4.776878677966576309e-02
8.040000000000000480e-01 4.724543260593701971e-02
8.050000000000000488e-01 4.674498936206528815e-02
8.060000000000000497e-01 4.622842938120792777e-02
8.070000000000000506e-01 4.573449992729185926e-02
8.080000000000000515e-01 4.522469564317953272e-02
8.090000000000000524e-01 4.473724375327151059e-02
8.100000000000000533e-01 4.423416697602600145e-02
8.110000000000000542e-01 4.375315868076906645e-02
8.120000000000000551e-01 4.325677031412072937e-02
8.129999999999999449e-01 4.278216035783822396e-02
8.139999999999999458e-01 4.229241516844742255e-02
8.149999999999999467e-01 4.182416663347811314e-02
8.159999999999999476e-01 4.134103392463896187e-02
8.169999999999999485e-01 4.087911296457281268e-02
8.179999999999999494e-01 4.040254837948992900e-02
8.189999999999999503e-01 3.994692724114113497e-02
8.199999999999999512e-01 3.947689421620970834e-02
8.209999999999999520e-01 3.902753036201563747e-02
8.219999999999999529e-01 3.856400100696939781e-02
8.229999999999999538e-01 3.812085450227465505e-02
8.239999999999999547e-01 3.766379117073051508e-02
8.249999999999999556e-01 3.722682611009753978e-02
8.259999999999999565e-01 3.677619474391932014e-02
8.269999999999999574e-01 3.634537447885745343e-02
8.279999999999999583e-01 3.590112993976921768e-02
8.289999999999999591e-01 3.547642470867982956e-02
8.299999999999999600e-01 3.503853181188701371e-02
8.309999999999999609e-01 3.461990363391348469e-02
8.319999999999999618e-01 3.418832376080595953e-02
8.329999999999999627e-01 3.377573784506194415e-02
8.339999999999999636e-01 3.335043307624991488e-02
8.349999999999999645e-01 3.294385561667698137e-02
8.359999999999999654e-01 3.252478344695958895e-02
8.369999999999999662e-01 3.212418100864506548e-02
8.379999999999999671e-01 3.171130035354963878e-02
8.389999999999999680e-01 3.131663675898009591e-02
8.399999999999999689e-01 3.090991070214901826e-02
8.409999999999999698e-01 3.052114656951365051e-02
8.419999999999999707e-01 3.012054025153092576e-02
8.429999999999999716e-01 2.973763955721571428e-02
8.439999999999999725e-01 2.934311479057487987e-02
8.449999999999999734e-01 2.896603931799036566e-02
8.459999999999999742e-01 2.857755835121709304e-02
8.469999999999999751e-01 2.820626726021628269e-02
8.479999999999999760e-01 2.782379412877162769e-02
8.489999999999999769e-01 2.745825278392582947e-02
8.499999999999999778e-01 2.708174771111578061e-02
8.509999999999999787e-01 2.672192330832398599e-02
8.519999999999999796e-01 2.635135084157778224e-02
8.529999999999999805e-01 2.599720406021888142e-02
8.539999999999999813e-01 2.563251112616983518e-02
8.549999999999999822e-01 2.528400279876147003e-02
8.559999999999999831e-01 2.492514863810207926e-02
8.569999999999999840e-01 2.458224094915635247e-02
8.579999999999999849e-01 2.422918880408790610e-02
8.589999999999999858e-01 2.389184543692843971e-02
8.599999999999999867e-01 2.354455792920577897e-02
8.609999999999999876e-01 2.321273894713417676e-02
8.619999999999999885e-01 2.287117997678504017e-02
8.629999999999999893e-01 2.254484805686771814e-02
8.639999999999999902e-01 2.220897959106045774e-02
8.649999999999999911e-01 2.188809819433474094e-02
8.659999999999999920e-01 2.155788162965150551e-02
8.669999999999999929e-01 2.124241747587220230e-02
8.679999999999999938e-01 2.091781119998778471e-02
8.689999999999999947e-01 2.060772920170733657e-02
8.699999999999999956e-01 2.028869392361143040e-02
8.709999999999999964e-01 1.998395837955506751e-02
8.719999999999999973e-01 1.967045757360762204e-02
8.729999999999999982e-01 1.937103040530814904e-02
8.739999999999999991e-01 1.906302969540571782e-02
8.750000000000000000e-01 1.876887339946569158e-02
8.760000000000000009e-01 1.846633498564646467e-02
8.770000000000000018e-01 1.817741450136483791e-02
8.780000000000000027e-01 1.788029923412663355e-02
8.790000000000000036e-01 1.759658226002864742e-02
8.800000000000000044e-01 1.730485111223201491e-02
8.810000000000000053e-01 1.702630236990337886e-02
8.820000000000000062e-01 1.673991978192923211e-02
8.830000000000000071e-01 1.646650090415025317e-02
8.840000000000000080e-01 1.618543145205773512e-02
8.850000000000000089e-01 1.591710740133600935e-02
8.860000000000000098e-01 1.564131440103990953e-02
8.870000000000000107e-01 1.537805347969691677e-02
8.880000000000000115e-01 1.510749724820765159e-02
8.890000000000000124e-01 1.484926500676880291e-02
8.900000000000000133e-01 1.458391253702290453e-02
8.910000000000000142e-01 1.433067194005378103e-02
8.920000000000000151e-01 1.407048742938035724e-02
8.930000000000000160e-01 1.382220679393556147e-02
8.940000000000000169e-01 1.356715243805038142e-02
8.950000000000000178e-01 1.332379864607600994e-02
8.960000000000000187e-01 1.307384153698156262e-02
8.970000000000000195e-01 1.283537887671404656e-02
8.980000000000000204e-01 1.259048274221925140e-02
8.990000000000000213e-01 1.235688120228232816e-02
9.000000000000000222e-01 1.211701277178869884e-02
9.010000000000000231e-01 1.188823707064707094e-02
9.020000000000000240e-01 1.165336083206258352e-02
9.030000000000000249e-01 1.142938093492392587e-02
9.040000000000000258e-01 1.119946468343143917e-02
9.050000000000000266e-01 1.098024764179244585e-02
9.060000000000000275e-01 1.075525732535358506e-02
9.070000000000000284e-01 1.054077244716300314e-02
9.080000000000000293e-01 1.032067566759838594e-02
9.090000000000000302e-01 1.011089164387911007e-02
9.100000000000000311e-01 9.895656091937644200e-03
9.110000000000000320e-01 9.690543040099626124e-03
9.120000000000000329e-01 9.480137427792884042e-03
9.130000000000000338e-01 9.279667342632798993e-03
9.140000000000000346e-01 9.074059730858568748e-03
9.150000000000000355e-01 8.878197101081597084e-03
9.160000000000000364e-01 8.677352188480367753e-03
9.170000000000000373e-01 8.486066862285155180e-03
9.180000000000000382e-01 8.289952905343950587e-03
9.190000000000000391e-01 8.103216357918129054e-03
9.200000000000000400e-01 7.911805138233538384e-03
9.210000000000000409e-01 7.729589587778942089e-03
9.220000000000000417e-01 7.542850595964428230e-03
9.230000000000000426e-01 7.365127614184165290e-03
9.240000000000000435e-01 7.183032437253965459e-03
9.250000000000000444e-01 7.009775890140633285e-03
9.260000000000000453e-01 6.832296873491647791e-03
9.270000000000000462e-01 6.663480344533191310e-03
9.280000000000000471e-01 6.490590398660450212e-03
9.290000000000000480e-01 6.326189004151380919e-03
9.300000000000000488e-01 6.157860783623581198e-03
9.310000000000000497e-01 5.997849355391516972e-03
9.320000000000000506e-01 5.834058036796428356e-03
9.330000000000000515e-01 5.678411972708923353e-03
9.340000000000000524e-01 5.519132305303738398e-03
9.350000000000000533e-01 5.367829496967720625e-03
9.360000000000000542e-01 5.213037188384518281e-03
9.370000000000000551e-01 5.066054447682203331e-03
9.379999999999999449e-01 4.915726680071214223e-03
9.389999999999999458e-01 4.773043389867328776e-03
9.399999999999999467e-01 4.627158464831030577e-03
9.409999999999999476e-01 4.488754094190632905e-03
9.419999999999999485e-01 4.347290173223676904e-03
9.429999999999999494e-01 4.213144935707745058e-03
9.439999999999999503e-01 4.076082934888292618e-03
9.449999999999999512e-01 3.946178940369372487e-03
9.459999999999999520e-01 3.813499983501518649e-03
9.469999999999999529e-01 3.687820408180479508e-03
9.479999999999999538e-01 3.559506707955619950e-03
9.489999999999999547e-01 3.438035780144951988e-03
9.499999999999999556e-01 3.314071641295727490e-03
9.509999999999999565e-01 3.196795808698315016e-03
9.519999999999999574e-01 3.077167110729972076e-03
9.529999999999999583e-01 2.964073422043125069e-03
9.539999999999999591e-01 2.848767465064369273e-03
9.549999999999999600e-01 2.739844309589994226e-03
9.559999999999999609e-01 2.628850803883708582e-03
9.569999999999999618e-01 2.524090023123404768e-03
9.579999999999999627e-01 2.417399751121210565e-03
9.589999999999999636e-01 2.316794169130566381e-03
9.599999999999999645e-01 2.214400783546853317e-03
9.609999999999999654e-01 2.117946232910011047e-03
9.619999999999999662e-01 2.019845806796520364e-03
9.629999999999999671e-01 1.927539602267375760e-03
9.639999999999999680e-01 1.833731652277101592e-03
9.649999999999999689e-01 1.745574614107066368e-03
9.659999999999999698e-01 1.656060656194254964e-03
9.669999999999999707e-01 1.572056502371083162e-03
9.679999999999999716e-01 1.486842209984197936e-03
9.689999999999999725e-01 1.406999012454805123e-03
9.699999999999999734e-01 1.326094038478096895e-03
9.709999999999999742e-01 1.250422882475441195e-03
9.719999999999999751e-01 1.173841062176454644e-03
9.729999999999999760e-01 1.102359382094800916e-03
9.739999999999999769e-01 1.030120963018788883e-03
9.749999999999999778e-01 9.628498726687493257e-04
9.759999999999999787e-01 8.949799378195283719e-04
9.769999999999999796e-01 8.319484492873748796e-04
9.779999999999999805e-01 7.684812842185153713e-04
9.789999999999999813e-01 7.097261913976417010e-04
9.799999999999999822e-01 6.507040537504492914e-04
9.809999999999999831e-01 5.962715107321473265e-04
9.819999999999999840e-01 5.417484721164356719e-04
9.829999999999999849e-01 4.916962364811519517e-04
9.839999999999999858e-01 4.417400124059233301e-04
9.849999999999999867e-01 3.961415113704179892e-04
9.859999999999999876e-01 3.508375823080934564e-04
9.869999999999999885e-01 3.097845447771305390e-04
9.879999999999999893e-01 2.692414893577322666e-04
9.889999999999999902e-01 2.328532323650069438e-04
9.899999999999999911e-01 1.972129556393778472e-04
9.909999999999999920e-01 1.656446443375453976e-04
9.919999999999999929e-01 1.350958403800496814e-04
9.929999999999999938e-01 1.085573139924019009e-04
9.939999999999999947e-01 8.336276842201039480e-05
9.949999999999999956e-01 6.215556955853973945e-05
9.959999999999999964e-01 4.270516543368755371e-05
9.969999999999999973e-01 2.730000867213834128e-05
9.979999999999999982e-01 1.427868618540204201e-05
9.989999999999999991e-01 5.763090842857908382e-06
1.000000000000000000e+00 0.000000000000000000e+00
